18446744072498776141
18446744072506625068
18446744072506642745
18446744072506651318
18446744072507593648
18446744072507611809
18446744072507619552
18446744072507678887
18446744072507691902
18446744072507467676
18446744072507468280
18446744072507468555
18446744072507469406
18446744072639973612
18446744072507419489
18446744072507469562
18446744072506781370
18446744072506781461
18446744072506781603
18446744072643795496
18446744072643795975
18446744072639976923
18446744072639977372
18446744072639978725
18446744072643797394
18446744072506770682
18446744072506774202
18446744072506774926
18446744072506776186
18446744072638625095
18446744072506776560
18446744072506777558
18446744072512078038
18446744072496109492
18446744072509591982
18446744072509984167
18446744072506305417
18446744072506306846
18446744072496386146
18446744072496386435
18446744072496386992
18446744072495818954
18446744072495300871
